2021/09/29-13:26:21.416584 7f344fa4ac80 RocksDB version: 6.17.3
2021/09/29-13:26:21.416648 7f344fa4ac80 Git sha rocksdb_build_git_sha:@09c7e96eac1ab983f97ce9e0406730b8014b3398@
2021/09/29-13:26:21.416650 7f344fa4ac80 Compile date Aug 11 2021
2021/09/29-13:26:21.418136 7f344fa4ac80 DB SUMMARY
2021/09/29-13:26:21.418151 7f344fa4ac80 DB Session ID:  XN8STYO89PSP8C5SUA7G
2021/09/29-13:26:21.418260 7f344fa4ac80 SST files in test-ledger/rocksdb dir, Total Num: 0, files: 
2021/09/29-13:26:21.418270 7f344fa4ac80 Write Ahead Log file in test-ledger/rocksdb: 
2021/09/29-13:26:21.418273 7f344fa4ac80                         Options.error_if_exists: 0
2021/09/29-13:26:21.418335 7f344fa4ac80                       Options.create_if_missing: 1
2021/09/29-13:26:21.418341 7f344fa4ac80                         Options.paranoid_checks: 1
2021/09/29-13:26:21.418341 7f344fa4ac80                               Options.track_and_verify_wals_in_manifest: 0
2021/09/29-13:26:21.418342 7f344fa4ac80                                     Options.env: 0x55cd4acb7280
2021/09/29-13:26:21.418344 7f344fa4ac80                                      Options.fs: Posix File System
2021/09/29-13:26:21.418345 7f344fa4ac80                                Options.info_log: 0x55cd4af110f0
2021/09/29-13:26:21.418345 7f344fa4ac80                Options.max_file_opening_threads: 16
2021/09/29-13:26:21.418346 7f344fa4ac80                              Options.statistics: (nil)
2021/09/29-13:26:21.418348 7f344fa4ac80                               Options.use_fsync: 0
2021/09/29-13:26:21.418349 7f344fa4ac80                       Options.max_log_file_size: 0
2021/09/29-13:26:21.418349 7f344fa4ac80                  Options.max_manifest_file_size: 1073741824
2021/09/29-13:26:21.418350 7f344fa4ac80                   Options.log_file_time_to_roll: 0
2021/09/29-13:26:21.418351 7f344fa4ac80                       Options.keep_log_file_num: 1000
2021/09/29-13:26:21.418352 7f344fa4ac80                    Options.recycle_log_file_num: 0
2021/09/29-13:26:21.418353 7f344fa4ac80                         Options.allow_fallocate: 1
2021/09/29-13:26:21.418354 7f344fa4ac80                        Options.allow_mmap_reads: 0
2021/09/29-13:26:21.418355 7f344fa4ac80                       Options.allow_mmap_writes: 0
2021/09/29-13:26:21.418356 7f344fa4ac80                        Options.use_direct_reads: 0
2021/09/29-13:26:21.418357 7f344fa4ac80                        Options.use_direct_io_for_flush_and_compaction: 0
2021/09/29-13:26:21.418358 7f344fa4ac80          Options.create_missing_column_families: 1
2021/09/29-13:26:21.418359 7f344fa4ac80                              Options.db_log_dir: 
2021/09/29-13:26:21.418360 7f344fa4ac80                                 Options.wal_dir: test-ledger/rocksdb
2021/09/29-13:26:21.418361 7f344fa4ac80                Options.table_cache_numshardbits: 6
2021/09/29-13:26:21.418362 7f344fa4ac80                         Options.WAL_ttl_seconds: 0
2021/09/29-13:26:21.418363 7f344fa4ac80                       Options.WAL_size_limit_MB: 0
2021/09/29-13:26:21.418364 7f344fa4ac80                        Options.max_write_batch_group_size_bytes: 1048576
2021/09/29-13:26:21.418365 7f344fa4ac80             Options.manifest_preallocation_size: 4194304
2021/09/29-13:26:21.418366 7f344fa4ac80                     Options.is_fd_close_on_exec: 1
2021/09/29-13:26:21.418367 7f344fa4ac80                   Options.advise_random_on_open: 1
2021/09/29-13:26:21.418368 7f344fa4ac80                    Options.db_write_buffer_size: 0
2021/09/29-13:26:21.418369 7f344fa4ac80                    Options.write_buffer_manager: 0x55cd4af4b140
2021/09/29-13:26:21.418369 7f344fa4ac80         Options.access_hint_on_compaction_start: 1
2021/09/29-13:26:21.418370 7f344fa4ac80  Options.new_table_reader_for_compaction_inputs: 0
2021/09/29-13:26:21.418371 7f344fa4ac80           Options.random_access_max_buffer_size: 1048576
2021/09/29-13:26:21.418372 7f344fa4ac80                      Options.use_adaptive_mutex: 0
2021/09/29-13:26:21.418372 7f344fa4ac80                            Options.rate_limiter: (nil)
2021/09/29-13:26:21.418405 7f344fa4ac80     Options.sst_file_manager.rate_bytes_per_sec: 0
2021/09/29-13:26:21.418453 7f344fa4ac80                       Options.wal_recovery_mode: 2
2021/09/29-13:26:21.418458 7f344fa4ac80                  Options.enable_thread_tracking: 0
2021/09/29-13:26:21.418459 7f344fa4ac80                  Options.enable_pipelined_write: 0
2021/09/29-13:26:21.418460 7f344fa4ac80                  Options.unordered_write: 0
2021/09/29-13:26:21.418461 7f344fa4ac80         Options.allow_concurrent_memtable_write: 1
2021/09/29-13:26:21.418461 7f344fa4ac80      Options.enable_write_thread_adaptive_yield: 1
2021/09/29-13:26:21.418462 7f344fa4ac80             Options.write_thread_max_yield_usec: 100
2021/09/29-13:26:21.418463 7f344fa4ac80            Options.write_thread_slow_yield_usec: 3
2021/09/29-13:26:21.418464 7f344fa4ac80                               Options.row_cache: None
2021/09/29-13:26:21.418465 7f344fa4ac80                              Options.wal_filter: None
2021/09/29-13:26:21.418467 7f344fa4ac80             Options.avoid_flush_during_recovery: 0
2021/09/29-13:26:21.418468 7f344fa4ac80             Options.allow_ingest_behind: 0
2021/09/29-13:26:21.418469 7f344fa4ac80             Options.preserve_deletes: 0
2021/09/29-13:26:21.418470 7f344fa4ac80             Options.two_write_queues: 0
2021/09/29-13:26:21.418471 7f344fa4ac80             Options.manual_wal_flush: 0
2021/09/29-13:26:21.418472 7f344fa4ac80             Options.atomic_flush: 0
2021/09/29-13:26:21.418473 7f344fa4ac80             Options.avoid_unnecessary_blocking_io: 0
2021/09/29-13:26:21.418474 7f344fa4ac80                 Options.persist_stats_to_disk: 0
2021/09/29-13:26:21.418475 7f344fa4ac80                 Options.write_dbid_to_manifest: 0
2021/09/29-13:26:21.418476 7f344fa4ac80                 Options.log_readahead_size: 0
2021/09/29-13:26:21.418476 7f344fa4ac80                 Options.file_checksum_gen_factory: Unknown
2021/09/29-13:26:21.418477 7f344fa4ac80                 Options.best_efforts_recovery: 0
2021/09/29-13:26:21.418478 7f344fa4ac80                Options.max_bgerror_resume_count: 2147483647
2021/09/29-13:26:21.418479 7f344fa4ac80            Options.bgerror_resume_retry_interval: 1000000
2021/09/29-13:26:21.418480 7f344fa4ac80             Options.allow_data_in_errors: 0
2021/09/29-13:26:21.418481 7f344fa4ac80             Options.db_host_id: __hostname__
2021/09/29-13:26:21.418482 7f344fa4ac80             Options.max_background_jobs: 4
2021/09/29-13:26:21.418484 7f344fa4ac80             Options.max_background_compactions: -1
2021/09/29-13:26:21.418485 7f344fa4ac80             Options.max_subcompactions: 1
2021/09/29-13:26:21.418486 7f344fa4ac80             Options.avoid_flush_during_shutdown: 0
2021/09/29-13:26:21.418487 7f344fa4ac80           Options.writable_file_max_buffer_size: 1048576
2021/09/29-13:26:21.418488 7f344fa4ac80             Options.delayed_write_rate : 16777216
2021/09/29-13:26:21.418489 7f344fa4ac80             Options.max_total_wal_size: 4294967296
2021/09/29-13:26:21.418490 7f344fa4ac80             Options.delete_obsolete_files_period_micros: 21600000000
2021/09/29-13:26:21.418491 7f344fa4ac80                   Options.stats_dump_period_sec: 600
2021/09/29-13:26:21.418492 7f344fa4ac80                 Options.stats_persist_period_sec: 600
2021/09/29-13:26:21.418493 7f344fa4ac80                 Options.stats_history_buffer_size: 1048576
2021/09/29-13:26:21.418494 7f344fa4ac80                          Options.max_open_files: -1
2021/09/29-13:26:21.418495 7f344fa4ac80                          Options.bytes_per_sync: 0
2021/09/29-13:26:21.418496 7f344fa4ac80                      Options.wal_bytes_per_sync: 0
2021/09/29-13:26:21.418497 7f344fa4ac80                   Options.strict_bytes_per_sync: 0
2021/09/29-13:26:21.418498 7f344fa4ac80       Options.compaction_readahead_size: 0
2021/09/29-13:26:21.418499 7f344fa4ac80                  Options.max_background_flushes: -1
2021/09/29-13:26:21.418500 7f344fa4ac80 Compression algorithms supported:
2021/09/29-13:26:21.418502 7f344fa4ac80 	kZSTDNotFinalCompression supported: 0
2021/09/29-13:26:21.418505 7f344fa4ac80 	kZSTD supported: 0
2021/09/29-13:26:21.418520 7f344fa4ac80 	kXpressCompression supported: 0
2021/09/29-13:26:21.418522 7f344fa4ac80 	kLZ4HCCompression supported: 1
2021/09/29-13:26:21.418523 7f344fa4ac80 	kLZ4Compression supported: 1
2021/09/29-13:26:21.418524 7f344fa4ac80 	kBZip2Compression supported: 0
2021/09/29-13:26:21.418525 7f344fa4ac80 	kZlibCompression supported: 0
2021/09/29-13:26:21.418527 7f344fa4ac80 	kSnappyCompression supported: 0
2021/09/29-13:26:21.418534 7f344fa4ac80 Fast CRC32 supported: Supported on x86
2021/09/29-13:26:21.423132 7f344fa4ac80 [db/db_impl/db_impl_open.cc:283] Creating manifest 1 
2021/09/29-13:26:21.434243 7f344fa4ac80 [db/version_set.cc:4757] Recovering from manifest file: test-ledger/rocksdb/MANIFEST-000001
2021/09/29-13:26:21.438056 7f344fa4ac80 [db/column_family.cc:597] --------------- Options for column family [default]:
2021/09/29-13:26:21.438070 7f344fa4ac80               Options.comparator: leveldb.BytewiseComparator
2021/09/29-13:26:21.438072 7f344fa4ac80           Options.merge_operator: None
2021/09/29-13:26:21.438073 7f344fa4ac80        Options.compaction_filter: None
2021/09/29-13:26:21.438074 7f344fa4ac80        Options.compaction_filter_factory: None
2021/09/29-13:26:21.438075 7f344fa4ac80  Options.sst_partitioner_factory: None
2021/09/29-13:26:21.438076 7f344fa4ac80         Options.memtable_factory: SkipListFactory
2021/09/29-13:26:21.438078 7f344fa4ac80            Options.table_factory: BlockBasedTable
2021/09/29-13:26:21.438103 7f344fa4ac80            table_factory options:   flush_block_policy_factory: FlushBlockBySizePolicyFactory (0x55cd4af46a90)
  cache_index_and_filter_blocks: 0
  cache_index_and_filter_blocks_with_high_priority: 1
  pin_l0_filter_and_index_blocks_in_cache: 0
  pin_top_level_index_and_filter: 1
  index_type: 0
  data_block_index_type: 0
  index_shortening: 1
  data_block_hash_table_util_ratio: 0.750000
  hash_index_allow_collision: 1
  checksum: 1
  no_block_cache: 0
  block_cache: 0x55cd4af46ae0
  block_cache_name: LRUCache
  block_cache_options:
    capacity : 8388608
    num_shard_bits : 4
    strict_capacity_limit : 0
    memory_allocator : None
    high_pri_pool_ratio: 0.000
  block_cache_compressed: (nil)
  persistent_cache: (nil)
  block_size: 4096
  block_size_deviation: 10
  block_restart_interval: 16
  index_block_restart_interval: 1
  metadata_block_size: 4096
  partition_filters: 0
  use_delta_encoding: 1
  filter_policy: nullptr
  whole_key_filtering: 1
  verify_compression: 0
  read_amp_bytes_per_bit: 0
  format_version: 4
  enable_index_compression: 1
  block_align: 0
2021/09/29-13:26:21.438105 7f344fa4ac80        Options.write_buffer_size: 67108864
2021/09/29-13:26:21.438106 7f344fa4ac80  Options.max_write_buffer_number: 2
2021/09/29-13:26:21.438107 7f344fa4ac80          Options.compression: NoCompression
2021/09/29-13:26:21.438107 7f344fa4ac80                  Options.bottommost_compression: Disabled
2021/09/29-13:26:21.438108 7f344fa4ac80       Options.prefix_extractor: nullptr
2021/09/29-13:26:21.438140 7f344fa4ac80   Options.memtable_insert_with_hint_prefix_extractor: nullptr
2021/09/29-13:26:21.438143 7f344fa4ac80             Options.num_levels: 7
2021/09/29-13:26:21.438144 7f344fa4ac80        Options.min_write_buffer_number_to_merge: 1
2021/09/29-13:26:21.438145 7f344fa4ac80     Options.max_write_buffer_number_to_maintain: 0
2021/09/29-13:26:21.438146 7f344fa4ac80     Options.max_write_buffer_size_to_maintain: 0
2021/09/29-13:26:21.438147 7f344fa4ac80            Options.bottommost_compression_opts.window_bits: -14
2021/09/29-13:26:21.438148 7f344fa4ac80                  Options.bottommost_compression_opts.level: 32767
2021/09/29-13:26:21.438148 7f344fa4ac80               Options.bottommost_compression_opts.strategy: 0
2021/09/29-13:26:21.438149 7f344fa4ac80         Options.bottommost_compression_opts.max_dict_bytes: 0
2021/09/29-13:26:21.438150 7f344fa4ac80         Options.bottommost_compression_opts.zstd_max_train_bytes: 0
2021/09/29-13:26:21.438151 7f344fa4ac80         Options.bottommost_compression_opts.parallel_threads: 1
2021/09/29-13:26:21.438194 7f344fa4ac80                  Options.bottommost_compression_opts.enabled: false
2021/09/29-13:26:21.438195 7f344fa4ac80            Options.compression_opts.window_bits: -14
2021/09/29-13:26:21.438196 7f344fa4ac80                  Options.compression_opts.level: 32767
2021/09/29-13:26:21.438197 7f344fa4ac80               Options.compression_opts.strategy: 0
2021/09/29-13:26:21.438198 7f344fa4ac80         Options.compression_opts.max_dict_bytes: 0
2021/09/29-13:26:21.438199 7f344fa4ac80         Options.compression_opts.zstd_max_train_bytes: 0
2021/09/29-13:26:21.438200 7f344fa4ac80         Options.compression_opts.parallel_threads: 1
2021/09/29-13:26:21.438200 7f344fa4ac80                  Options.compression_opts.enabled: false
2021/09/29-13:26:21.438201 7f344fa4ac80      Options.level0_file_num_compaction_trigger: 4
2021/09/29-13:26:21.438202 7f344fa4ac80          Options.level0_slowdown_writes_trigger: 20
2021/09/29-13:26:21.438203 7f344fa4ac80              Options.level0_stop_writes_trigger: 36
2021/09/29-13:26:21.438204 7f344fa4ac80                   Options.target_file_size_base: 67108864
2021/09/29-13:26:21.438205 7f344fa4ac80             Options.target_file_size_multiplier: 1
2021/09/29-13:26:21.438206 7f344fa4ac80                Options.max_bytes_for_level_base: 268435456
2021/09/29-13:26:21.438207 7f344fa4ac80 Options.level_compaction_dynamic_level_bytes: 0
2021/09/29-13:26:21.438207 7f344fa4ac80          Options.max_bytes_for_level_multiplier: 10.000000
2021/09/29-13:26:21.438210 7f344fa4ac80 Options.max_bytes_for_level_multiplier_addtl[0]: 1
2021/09/29-13:26:21.438211 7f344fa4ac80 Options.max_bytes_for_level_multiplier_addtl[1]: 1
2021/09/29-13:26:21.438211 7f344fa4ac80 Options.max_bytes_for_level_multiplier_addtl[2]: 1
2021/09/29-13:26:21.438212 7f344fa4ac80 Options.max_bytes_for_level_multiplier_addtl[3]: 1
2021/09/29-13:26:21.438213 7f344fa4ac80 Options.max_bytes_for_level_multiplier_addtl[4]: 1
2021/09/29-13:26:21.438214 7f344fa4ac80 Options.max_bytes_for_level_multiplier_addtl[5]: 1
2021/09/29-13:26:21.438215 7f344fa4ac80 Options.max_bytes_for_level_multiplier_addtl[6]: 1
2021/09/29-13:26:21.438216 7f344fa4ac80       Options.max_sequential_skip_in_iterations: 8
2021/09/29-13:26:21.438217 7f344fa4ac80                    Options.max_compaction_bytes: 1677721600
2021/09/29-13:26:21.438218 7f344fa4ac80                        Options.arena_block_size: 8388608
2021/09/29-13:26:21.438218 7f344fa4ac80   Options.soft_pending_compaction_bytes_limit: 68719476736
2021/09/29-13:26:21.438219 7f344fa4ac80   Options.hard_pending_compaction_bytes_limit: 274877906944
2021/09/29-13:26:21.438220 7f344fa4ac80       Options.rate_limit_delay_max_milliseconds: 100
2021/09/29-13:26:21.438221 7f344fa4ac80                Options.disable_auto_compactions: 0
2021/09/29-13:26:21.438223 7f344fa4ac80                        Options.compaction_style: kCompactionStyleLevel
2021/09/29-13:26:21.438225 7f344fa4ac80                          Options.compaction_pri: kMinOverlappingRatio
2021/09/29-13:26:21.438226 7f344fa4ac80 Options.compaction_options_universal.size_ratio: 1
2021/09/29-13:26:21.438226 7f344fa4ac80 Options.compaction_options_universal.min_merge_width: 2
2021/09/29-13:26:21.438227 7f344fa4ac80 Options.compaction_options_universal.max_merge_width: 4294967295
2021/09/29-13:26:21.438228 7f344fa4ac80 Options.compaction_options_universal.max_size_amplification_percent: 200
2021/09/29-13:26:21.438229 7f344fa4ac80 Options.compaction_options_universal.compression_size_percent: -1
2021/09/29-13:26:21.438230 7f344fa4ac80 Options.compaction_options_universal.stop_style: kCompactionStopStyleTotalSize
2021/09/29-13:26:21.438231 7f344fa4ac80 Options.compaction_options_fifo.max_table_files_size: 1073741824
2021/09/29-13:26:21.438232 7f344fa4ac80 Options.compaction_options_fifo.allow_compaction: 0
2021/09/29-13:26:21.438272 7f344fa4ac80                   Options.table_properties_collectors: 
2021/09/29-13:26:21.438275 7f344fa4ac80                   Options.inplace_update_support: 0
2021/09/29-13:26:21.438276 7f344fa4ac80                 Options.inplace_update_num_locks: 10000
2021/09/29-13:26:21.438288 7f344fa4ac80               Options.memtable_prefix_bloom_size_ratio: 0.000000
2021/09/29-13:26:21.438290 7f344fa4ac80               Options.memtable_whole_key_filtering: 0
2021/09/29-13:26:21.438291 7f344fa4ac80   Options.memtable_huge_page_size: 0
2021/09/29-13:26:21.438292 7f344fa4ac80                           Options.bloom_locality: 0
2021/09/29-13:26:21.438292 7f344fa4ac80                    Options.max_successive_merges: 0
2021/09/29-13:26:21.438293 7f344fa4ac80                Options.optimize_filters_for_hits: 0
2021/09/29-13:26:21.438294 7f344fa4ac80                Options.paranoid_file_checks: 0
2021/09/29-13:26:21.438295 7f344fa4ac80                Options.force_consistency_checks: 1
2021/09/29-13:26:21.438296 7f344fa4ac80                Options.report_bg_io_stats: 0
2021/09/29-13:26:21.438297 7f344fa4ac80                               Options.ttl: 2592000
2021/09/29-13:26:21.438298 7f344fa4ac80          Options.periodic_compaction_seconds: 0
2021/09/29-13:26:21.438298 7f344fa4ac80                    Options.enable_blob_files: false
2021/09/29-13:26:21.438299 7f344fa4ac80                        Options.min_blob_size: 0
2021/09/29-13:26:21.438300 7f344fa4ac80                       Options.blob_file_size: 268435456
2021/09/29-13:26:21.438301 7f344fa4ac80                Options.blob_compression_type: NoCompression
2021/09/29-13:26:21.438302 7f344fa4ac80       Options.enable_blob_garbage_collection: false
2021/09/29-13:26:21.438303 7f344fa4ac80   Options.blob_garbage_collection_age_cutoff: 0.250000
2021/09/29-13:26:21.441373 7f344fa4ac80 [db/version_set.cc:4805] Recovered from manifest file:test-ledger/rocksdb/MANIFEST-000001 succeeded,manifest_file_number is 1, next_file_number is 3, last_sequence is 0, log_number is 0,prev_log_number is 0,max_column_family is 0,min_log_number_to_keep is 0
2021/09/29-13:26:21.441387 7f344fa4ac80 [db/version_set.cc:4814] Column family [default] (ID 0), log number is 0
2021/09/29-13:26:21.441919 7f344fa4ac80 [db/version_set.cc:4111] Creating manifest 3
2021/09/29-13:26:21.455977 7f344fa4ac80 [db/column_family.cc:597] --------------- Options for column family [meta]:
2021/09/29-13:26:21.455991 7f344fa4ac80               Options.comparator: leveldb.BytewiseComparator
2021/09/29-13:26:21.455992 7f344fa4ac80           Options.merge_operator: None
2021/09/29-13:26:21.455993 7f344fa4ac80        Options.compaction_filter: None
2021/09/29-13:26:21.455995 7f344fa4ac80        Options.compaction_filter_factory: purged_slot_filter_factory(meta)
2021/09/29-13:26:21.455996 7f344fa4ac80  Options.sst_partitioner_factory: None
2021/09/29-13:26:21.455997 7f344fa4ac80         Options.memtable_factory: SkipListFactory
2021/09/29-13:26:21.455998 7f344fa4ac80            Options.table_factory: BlockBasedTable
2021/09/29-13:26:21.456048 7f344fa4ac80            table_factory options:   flush_block_policy_factory: FlushBlockBySizePolicyFactory (0x55cd4af1f4c0)
  cache_index_and_filter_blocks: 0
  cache_index_and_filter_blocks_with_high_priority: 1
  pin_l0_filter_and_index_blocks_in_cache: 0
  pin_top_level_index_and_filter: 1
  index_type: 0
  data_block_index_type: 0
  index_shortening: 1
  data_block_hash_table_util_ratio: 0.750000
  hash_index_allow_collision: 1
  checksum: 1
  no_block_cache: 0
  block_cache: 0x55cd4af1f510
  block_cache_name: LRUCache
  block_cache_options:
    capacity : 8388608
    num_shard_bits : 4
    strict_capacity_limit : 0
    memory_allocator : None
    high_pri_pool_ratio: 0.000
  block_cache_compressed: (nil)
  persistent_cache: (nil)
  block_size: 4096
  block_size_deviation: 10
  block_restart_interval: 16
  index_block_restart_interval: 1
  metadata_block_size: 4096
  partition_filters: 0
  use_delta_encoding: 1
  filter_policy: nullptr
  whole_key_filtering: 1
  verify_compression: 0
  read_amp_bytes_per_bit: 0
  format_version: 4
  enable_index_compression: 1
  block_align: 0
2021/09/29-13:26:21.456050 7f344fa4ac80        Options.write_buffer_size: 268435456
2021/09/29-13:26:21.456051 7f344fa4ac80  Options.max_write_buffer_number: 8
2021/09/29-13:26:21.456052 7f344fa4ac80          Options.compression: NoCompression
2021/09/29-13:26:21.456053 7f344fa4ac80                  Options.bottommost_compression: Disabled
2021/09/29-13:26:21.456054 7f344fa4ac80       Options.prefix_extractor: nullptr
2021/09/29-13:26:21.456054 7f344fa4ac80   Options.memtable_insert_with_hint_prefix_extractor: nullptr
2021/09/29-13:26:21.456055 7f344fa4ac80             Options.num_levels: 7
2021/09/29-13:26:21.456056 7f344fa4ac80        Options.min_write_buffer_number_to_merge: 1
2021/09/29-13:26:21.456057 7f344fa4ac80     Options.max_write_buffer_number_to_maintain: 0
2021/09/29-13:26:21.456057 7f344fa4ac80     Options.max_write_buffer_size_to_maintain: 0
2021/09/29-13:26:21.456058 7f344fa4ac80            Options.bottommost_compression_opts.window_bits: -14
2021/09/29-13:26:21.456059 7f344fa4ac80                  Options.bottommost_compression_opts.level: 32767
2021/09/29-13:26:21.456060 7f344fa4ac80               Options.bottommost_compression_opts.strategy: 0
2021/09/29-13:26:21.456061 7f344fa4ac80         Options.bottommost_compression_opts.max_dict_bytes: 0
2021/09/29-13:26:21.456061 7f344fa4ac80         Options.bottommost_compression_opts.zstd_max_train_bytes: 0
2021/09/29-13:26:21.456062 7f344fa4ac80         Options.bottommost_compression_opts.parallel_threads: 1
2021/09/29-13:26:21.456063 7f344fa4ac80                  Options.bottommost_compression_opts.enabled: false
2021/09/29-13:26:21.456064 7f344fa4ac80            Options.compression_opts.window_bits: -14
2021/09/29-13:26:21.456065 7f344fa4ac80                  Options.compression_opts.level: 32767
2021/09/29-13:26:21.456065 7f344fa4ac80               Options.compression_opts.strategy: 0
2021/09/29-13:26:21.456066 7f344fa4ac80         Options.compression_opts.max_dict_bytes: 0
2021/09/29-13:26:21.456067 7f344fa4ac80         Options.compression_opts.zstd_max_train_bytes: 0
2021/09/29-13:26:21.456068 7f344fa4ac80         Options.compression_opts.parallel_threads: 1
2021/09/29-13:26:21.456068 7f344fa4ac80                  Options.compression_opts.enabled: false
2021/09/29-13:26:21.456105 7f344fa4ac80      Options.level0_file_num_compaction_trigger: 4
2021/09/29-13:26:21.456106 7f344fa4ac80          Options.level0_slowdown_writes_trigger: 20
2021/09/29-13:26:21.456107 7f344fa4ac80              Options.level0_stop_writes_trigger: 36
2021/09/29-13:26:21.456107 7f344fa4ac80                   Options.target_file_size_base: 107374182
2021/09/29-13:26:21.456108 7f344fa4ac80             Options.target_file_size_multiplier: 1
2021/09/29-13:26:21.456109 7f344fa4ac80                Options.max_bytes_for_level_base: 1073741824
2021/09/29-13:26:21.456110 7f344fa4ac80 Options.level_compaction_dynamic_level_bytes: 0
2021/09/29-13:26:21.456110 7f344fa4ac80          Options.max_bytes_for_level_multiplier: 10.000000
2021/09/29-13:26:21.456112 7f344fa4ac80 Options.max_bytes_for_level_multiplier_addtl[0]: 1
2021/09/29-13:26:21.456113 7f344fa4ac80 Options.max_bytes_for_level_multiplier_addtl[1]: 1
2021/09/29-13:26:21.456114 7f344fa4ac80 Options.max_bytes_for_level_multiplier_addtl[2]: 1
2021/09/29-13:26:21.456115 7f344fa4ac80 Options.max_bytes_for_level_multiplier_addtl[3]: 1
2021/09/29-13:26:21.456116 7f344fa4ac80 Options.max_bytes_for_level_multiplier_addtl[4]: 1
2021/09/29-13:26:21.456116 7f344fa4ac80 Options.max_bytes_for_level_multiplier_addtl[5]: 1
2021/09/29-13:26:21.456117 7f344fa4ac80 Options.max_bytes_for_level_multiplier_addtl[6]: 1
2021/09/29-13:26:21.456118 7f344fa4ac80       Options.max_sequential_skip_in_iterations: 8
2021/09/29-13:26:21.456119 7f344fa4ac80                    Options.max_compaction_bytes: 2684354550
2021/09/29-13:26:21.456119 7f344fa4ac80                        Options.arena_block_size: 33554432
2021/09/29-13:26:21.456120 7f344fa4ac80   Options.soft_pending_compaction_bytes_limit: 68719476736
2021/09/29-13:26:21.456121 7f344fa4ac80   Options.hard_pending_compaction_bytes_limit: 274877906944
2021/09/29-13:26:21.456122 7f344fa4ac80       Options.rate_limit_delay_max_milliseconds: 100
2021/09/29-13:26:21.456123 7f344fa4ac80                Options.disable_auto_compactions: 0
2021/09/29-13:26:21.456125 7f344fa4ac80                        Options.compaction_style: kCompactionStyleLevel
2021/09/29-13:26:21.456126 7f344fa4ac80                          Options.compaction_pri: kMinOverlappingRatio
2021/09/29-13:26:21.456127 7f344fa4ac80 Options.compaction_options_universal.size_ratio: 1
2021/09/29-13:26:21.456128 7f344fa4ac80 Options.compaction_options_universal.min_merge_width: 2
2021/09/29-13:26:21.456128 7f344fa4ac80 Options.compaction_options_universal.max_merge_width: 4294967295
2021/09/29-13:26:21.456129 7f344fa4ac80 Options.compaction_options_universal.max_size_amplification_percent: 200
2021/09/29-13:26:21.456130 7f344fa4ac80 Options.compaction_options_universal.compression_size_percent: -1
2021/09/29-13:26:21.456131 7f344fa4ac80 Options.compaction_options_universal.stop_style: kCompactionStopStyleTotalSize
2021/09/29-13:26:21.456132 7f344fa4ac80 Options.compaction_options_fifo.max_table_files_size: 1073741824
2021/09/29-13:26:21.456133 7f344fa4ac80 Options.compaction_options_fifo.allow_compaction: 0
2021/09/29-13:26:21.456140 7f344fa4ac80                   Options.table_properties_collectors: 
2021/09/29-13:26:21.456141 7f344fa4ac80                   Options.inplace_update_support: 0
2021/09/29-13:26:21.456141 7f344fa4ac80                 Options.inplace_update_num_locks: 10000
2021/09/29-13:26:21.456142 7f344fa4ac80               Options.memtable_prefix_bloom_size_ratio: 0.000000
2021/09/29-13:26:21.456143 7f344fa4ac80               Options.memtable_whole_key_filtering: 0
2021/09/29-13:26:21.456144 7f344fa4ac80   Options.memtable_huge_page_size: 0
2021/09/29-13:26:21.456145 7f344fa4ac80                           Options.bloom_locality: 0
2021/09/29-13:26:21.456146 7f344fa4ac80                    Options.max_successive_merges: 0
2021/09/29-13:26:21.456146 7f344fa4ac80                Options.optimize_filters_for_hits: 0
2021/09/29-13:26:21.456147 7f344fa4ac80                Options.paranoid_file_checks: 0
2021/09/29-13:26:21.456148 7f344fa4ac80                Options.force_consistency_checks: 1
2021/09/29-13:26:21.456154 7f344fa4ac80                Options.report_bg_io_stats: 0
2021/09/29-13:26:21.456155 7f344fa4ac80                               Options.ttl: 2592000
2021/09/29-13:26:21.456156 7f344fa4ac80          Options.periodic_compaction_seconds: 2592000
2021/09/29-13:26:21.456156 7f344fa4ac80                    Options.enable_blob_files: false
2021/09/29-13:26:21.456157 7f344fa4ac80                        Options.min_blob_size: 0
2021/09/29-13:26:21.456158 7f344fa4ac80                       Options.blob_file_size: 268435456
2021/09/29-13:26:21.456159 7f344fa4ac80                Options.blob_compression_type: NoCompression
2021/09/29-13:26:21.456160 7f344fa4ac80       Options.enable_blob_garbage_collection: false
2021/09/29-13:26:21.456161 7f344fa4ac80   Options.blob_garbage_collection_age_cutoff: 0.250000
2021/09/29-13:26:21.456238 7f344fa4ac80 [db/db_impl/db_impl.cc:2658] Created column family [meta] (ID 1)
2021/09/29-13:26:21.470002 7f344fa4ac80 [db/column_family.cc:597] --------------- Options for column family [dead_slots]:
2021/09/29-13:26:21.470041 7f344fa4ac80               Options.comparator: leveldb.BytewiseComparator
2021/09/29-13:26:21.470043 7f344fa4ac80           Options.merge_operator: None
2021/09/29-13:26:21.470044 7f344fa4ac80        Options.compaction_filter: None
2021/09/29-13:26:21.470046 7f344fa4ac80        Options.compaction_filter_factory: purged_slot_filter_factory(dead_slots)
2021/09/29-13:26:21.470047 7f344fa4ac80  Options.sst_partitioner_factory: None
2021/09/29-13:26:21.470048 7f344fa4ac80         Options.memtable_factory: SkipListFactory
2021/09/29-13:26:21.470049 7f344fa4ac80            Options.table_factory: BlockBasedTable
2021/09/29-13:26:21.470081 7f344fa4ac80            table_factory options:   flush_block_policy_factory: FlushBlockBySizePolicyFactory (0x55cd4af1dd70)
  cache_index_and_filter_blocks: 0
  cache_index_and_filter_blocks_with_high_priority: 1
  pin_l0_filter_and_index_blocks_in_cache: 0
  pin_top_level_index_and_filter: 1
  index_type: 0
  data_block_index_type: 0
  index_shortening: 1
  data_block_hash_table_util_ratio: 0.750000
  hash_index_allow_collision: 1
  checksum: 1
  no_block_cache: 0
  block_cache: 0x55cd4af214b0
  block_cache_name: LRUCache
  block_cache_options:
    capacity : 8388608
    num_shard_bits : 4
    strict_capacity_limit : 0
    memory_allocator : None
    high_pri_pool_ratio: 0.000
  block_cache_compressed: (nil)
  persistent_cache: (nil)
  block_size: 4096
  block_size_deviation: 10
  block_restart_interval: 16
  index_block_restart_interval: 1
  metadata_block_size: 4096
  partition_filters: 0
  use_delta_encoding: 1
  filter_policy: nullptr
  whole_key_filtering: 1
  verify_compression: 0
  read_amp_bytes_per_bit: 0
  format_version: 4
  enable_index_compression: 1
  block_align: 0
2021/09/29-13:26:21.470082 7f344fa4ac80        Options.write_buffer_size: 268435456
2021/09/29-13:26:21.470083 7f344fa4ac80  Options.max_write_buffer_number: 8
2021/09/29-13:26:21.470084 7f344fa4ac80          Options.compression: NoCompression
2021/09/29-13:26:21.470085 7f344fa4ac80                  Options.bottommost_compression: Disabled
2021/09/29-13:26:21.470086 7f344fa4ac80       Options.prefix_extractor: nullptr
2021/09/29-13:26:21.470087 7f344fa4ac80   Options.memtable_insert_with_hint_prefix_extractor: nullptr
2021/09/29-13:26:21.470087 7f344fa4ac80             Options.num_levels: 7
2021/09/29-13:26:21.470088 7f344fa4ac80        Options.min_write_buffer_number_to_merge: 1
2021/09/29-13:26:21.470089 7f344fa4ac80     Options.max_write_buffer_number_to_maintain: 0
2021/09/29-13:26:21.470090 7f344fa4ac80     Options.max_write_buffer_size_to_maintain: 0
2021/09/29-13:26:21.470091 7f344fa4ac80            Options.bottommost_compression_opts.window_bits: -14
2021/09/29-13:26:21.470091 7f344fa4ac80                  Options.bottommost_compression_opts.level: 32767
2021/09/29-13:26:21.470092 7f344fa4ac80               Options.bottommost_compression_opts.strategy: 0
2021/09/29-13:26:21.470093 7f344fa4ac80         Options.bottommost_compression_opts.max_dict_bytes: 0
2021/09/29-13:26:21.470094 7f344fa4ac80         Options.bottommost_compression_opts.zstd_max_train_bytes: 0
2021/09/29-13:26:21.470095 7f344fa4ac80         Options.bottommost_compression_opts.parallel_threads: 1
2021/09/29-13:26:21.470096 7f344fa4ac80                  Options.bottommost_compression_opts.enabled: false
2021/09/29-13:26:21.470097 7f344fa4ac80            Options.compression_opts.window_bits: -14
2021/09/29-13:26:21.470098 7f344fa4ac80                  Options.compression_opts.level: 32767
2021/09/29-13:26:21.470098 7f344fa4ac80               Options.compression_opts.strategy: 0
2021/09/29-13:26:21.470099 7f344fa4ac80         Options.compression_opts.max_dict_bytes: 0
2021/09/29-13:26:21.470100 7f344fa4ac80         Options.compression_opts.zstd_max_train_bytes: 0
2021/09/29-13:26:21.470101 7f344fa4ac80         Options.compression_opts.parallel_threads: 1
2021/09/29-13:26:21.470101 7f344fa4ac80                  Options.compression_opts.enabled: false
2021/09/29-13:26:21.470115 7f344fa4ac80      Options.level0_file_num_compaction_trigger: 4
2021/09/29-13:26:21.470117 7f344fa4ac80          Options.level0_slowdown_writes_trigger: 20
2021/09/29-13:26:21.470117 7f344fa4ac80              Options.level0_stop_writes_trigger: 36
2021/09/29-13:26:21.470118 7f344fa4ac80                   Options.target_file_size_base: 107374182
2021/09/29-13:26:21.470119 7f344fa4ac80             Options.target_file_size_multiplier: 1
2021/09/29-13:26:21.470120 7f344fa4ac80                Options.max_bytes_for_level_base: 1073741824
2021/09/29-13:26:21.470120 7f344fa4ac80 Options.level_compaction_dynamic_level_bytes: 0
2021/09/29-13:26:21.470121 7f344fa4ac80          Options.max_bytes_for_level_multiplier: 10.000000
2021/09/29-13:26:21.470123 7f344fa4ac80 Options.max_bytes_for_level_multiplier_addtl[0]: 1
2021/09/29-13:26:21.470124 7f344fa4ac80 Options.max_bytes_for_level_multiplier_addtl[1]: 1
2021/09/29-13:26:21.470125 7f344fa4ac80 Options.max_bytes_for_level_multiplier_addtl[2]: 1
2021/09/29-13:26:21.470126 7f344fa4ac80 Options.max_bytes_for_level_multiplier_addtl[3]: 1
2021/09/29-13:26:21.470126 7f344fa4ac80 Options.max_bytes_for_level_multiplier_addtl[4]: 1
2021/09/29-13:26:21.470127 7f344fa4ac80 Options.max_bytes_for_level_multiplier_addtl[5]: 1
2021/09/29-13:26:21.470128 7f344fa4ac80 Options.max_bytes_for_level_multiplier_addtl[6]: 1
2021/09/29-13:26:21.470129 7f344fa4ac80       Options.max_sequential_skip_in_iterations: 8
2021/09/29-13:26:21.470129 7f344fa4ac80                    Options.max_compaction_bytes: 2684354550
2021/09/29-13:26:21.470130 7f344fa4ac80                        Options.arena_block_size: 33554432
2021/09/29-13:26:21.470131 7f344fa4ac80   Options.soft_pending_compaction_bytes_limit: 68719476736
2021/09/29-13:26:21.470132 7f344fa4ac80   Options.hard_pending_compaction_bytes_limit: 274877906944
2021/09/29-13:26:21.470133 7f344fa4ac80       Options.rate_limit_delay_max_milliseconds: 100
2021/09/29-13:26:21.470133 7f344fa4ac80                Options.disable_auto_compactions: 0
2021/09/29-13:26:21.470136 7f344fa4ac80                        Options.compaction_style: kCompactionStyleLevel
2021/09/29-13:26:21.470137 7f344fa4ac80                          Options.compaction_pri: kMinOverlappingRatio
2021/09/29-13:26:21.470137 7f344fa4ac80 Options.compaction_options_universal.size_ratio: 1
2021/09/29-13:26:21.470138 7f344fa4ac80 Options.compaction_options_universal.min_merge_width: 2
2021/09/29-13:26:21.470139 7f344fa4ac80 Options.compaction_options_universal.max_merge_width: 4294967295
2021/09/29-13:26:21.470140 7f344fa4ac80 Options.compaction_options_universal.max_size_amplification_percent: 200
2021/09/29-13:26:21.470141 7f344fa4ac80 Options.compaction_options_universal.compression_size_percent: -1
2021/09/29-13:26:21.470142 7f344fa4ac80 Options.compaction_options_universal.stop_style: kCompactionStopStyleTotalSize
2021/09/29-13:26:21.470142 7f344fa4ac80 Options.compaction_options_fifo.max_table_files_size: 1073741824
2021/09/29-13:26:21.470143 7f344fa4ac80 Options.compaction_options_fifo.allow_compaction: 0
2021/09/29-13:26:21.470151 7f344fa4ac80                   Options.table_properties_collectors: 
2021/09/29-13:26:21.470152 7f344fa4ac80                   Options.inplace_update_support: 0
2021/09/29-13:26:21.470153 7f344fa4ac80                 Options.inplace_update_num_locks: 10000
2021/09/29-13:26:21.470154 7f344fa4ac80               Options.memtable_prefix_bloom_size_ratio: 0.000000
2021/09/29-13:26:21.470155 7f344fa4ac80               Options.memtable_whole_key_filtering: 0
2021/09/29-13:26:21.470155 7f344fa4ac80   Options.memtable_huge_page_size: 0
2021/09/29-13:26:21.470156 7f344fa4ac80                           Options.bloom_locality: 0
2021/09/29-13:26:21.470157 7f344fa4ac80                    Options.max_successive_merges: 0
2021/09/29-13:26:21.470158 7f344fa4ac80                Options.optimize_filters_for_hits: 0
2021/09/29-13:26:21.470158 7f344fa4ac80                Options.paranoid_file_checks: 0
2021/09/29-13:26:21.470159 7f344fa4ac80                Options.force_consistency_checks: 1
2021/09/29-13:26:21.470165 7f344fa4ac80                Options.report_bg_io_stats: 0
2021/09/29-13:26:21.470166 7f344fa4ac80                               Options.ttl: 2592000
2021/09/29-13:26:21.470167 7f344fa4ac80          Options.periodic_compaction_seconds: 2592000
2021/09/29-13:26:21.470168 7f344fa4ac80                    Options.enable_blob_files: false
2021/09/29-13:26:21.470168 7f344fa4ac80                        Options.min_blob_size: 0
2021/09/29-13:26:21.470169 7f344fa4ac80                       Options.blob_file_size: 268435456
2021/09/29-13:26:21.470170 7f344fa4ac80                Options.blob_compression_type: NoCompression
2021/09/29-13:26:21.470171 7f344fa4ac80       Options.enable_blob_garbage_collection: false
2021/09/29-13:26:21.470172 7f344fa4ac80   Options.blob_garbage_collection_age_cutoff: 0.250000
2021/09/29-13:26:21.470221 7f344fa4ac80 [db/db_impl/db_impl.cc:2658] Created column family [dead_slots] (ID 2)
2021/09/29-13:26:21.475731 7f344fa4ac80 [db/column_family.cc:597] --------------- Options for column family [duplicate_slots]:
2021/09/29-13:26:21.475744 7f344fa4ac80               Options.comparator: leveldb.BytewiseComparator
2021/09/29-13:26:21.475745 7f344fa4ac80           Options.merge_operator: None
2021/09/29-13:26:21.475746 7f344fa4ac80        Options.compaction_filter: None
2021/09/29-13:26:21.475748 7f344fa4ac80        Options.compaction_filter_factory: purged_slot_filter_factory(duplicate_slots)
2021/09/29-13:26:21.475749 7f344fa4ac80  Options.sst_partitioner_factory: None
2021/09/29-13:26:21.475750 7f344fa4ac80         Options.memtable_factory: SkipListFactory
2021/09/29-13:26:21.475751 7f344fa4ac80            Options.table_factory: BlockBasedTable
2021/09/29-13:26:21.475783 7f344fa4ac80            table_factory options:   flush_block_policy_factory: FlushBlockBySizePolicyFactory (0x55cd4af23680)
  cache_index_and_filter_blocks: 0
  cache_index_and_filter_blocks_with_high_priority: 1
  pin_l0_filter_and_index_blocks_in_cache: 0
  pin_top_level_index_and_filter: 1
  index_type: 0
  data_block_index_type: 0
  index_shortening: 1
  data_block_hash_table_util_ratio: 0.750000
  hash_index_allow_collision: 1
  checksum: 1
  no_block_cache: 0
  block_cache: 0x55cd4af236d0
  block_cache_name: LRUCache
  block_cache_options:
    capacity : 8388608
    num_shard_bits : 4
    strict_capacity_limit : 0
    memory_allocator : None
    high_pri_pool_ratio: 0.000
  block_cache_compressed: (nil)
  persistent_cache: (nil)
  block_size: 4096
  block_size_deviation: 10
  block_restart_interval: 16
  index_block_restart_interval: 1
  metadata_block_size: 4096
  partition_filters: 0
  use_delta_encoding: 1
  filter_policy: nullptr
  whole_key_filtering: 1
  verify_compression: 0
  read_amp_bytes_per_bit: 0
  format_version: 4
  enable_index_compression: 1
  block_align: 0
2021/09/29-13:26:21.475785 7f344fa4ac80        Options.write_buffer_size: 268435456
2021/09/29-13:26:21.475785 7f344fa4ac80  Options.max_write_buffer_number: 8
2021/09/29-13:26:21.475786 7f344fa4ac80          Options.compression: NoCompression
2021/09/29-13:26:21.475787 7f344fa4ac80                  Options.bottommost_compression: Disabled
2021/09/29-13:26:21.475789 7f344fa4ac80       Options.prefix_extractor: nullptr
2021/09/29-13:26:21.475790 7f344fa4ac80   Options.memtable_insert_with_hint_prefix_extractor: nullptr
2021/09/29-13:26:21.475791 7f344fa4ac80             Options.num_levels: 7
2021/09/29-13:26:21.475792 7f344fa4ac80        Options.min_write_buffer_number_to_merge: 1
2021/09/29-13:26:21.475792 7f344fa4ac80     Options.max_write_buffer_number_to_maintain: 0
2021/09/29-13:26:21.475793 7f344fa4ac80     Options.max_write_buffer_size_to_maintain: 0
2021/09/29-13:26:21.475794 7f344fa4ac80            Options.bottommost_compression_opts.window_bits: -14
2021/09/29-13:26:21.475795 7f344fa4ac80                  Options.bottommost_compression_opts.level: 32767
